6668 6096 5817 5700 
3893 3612 7865 2866 
9950 8474 5712 5501 
4462 4641 8608 1723 
5552 6560 2758 1250 
9260 7532 9634 9549 
6867 9897 6162 7049 
2401 5632 3048 9628 
6589 3921 6854 4623 
2279 8211 9184 6568 
3309 5006 5209 9474 
1434 2370 6664 4361 
9099 3323 1176 4144 
6746 8958 3569 2925 
3248 6343 2306 4544 
8529 2098 6762 2262 
8107 4692 8015 7948 
2650 1466 6975 7339 
7374 6189 7939 5364 
3434 1271 9225 5608 
4344 2912 7948 9077 
5567 8902 3993 7630 
1463 5040 2486 5935 
7016 5751 8037 2322 
8242 4057 2478 6741 
4354 8714 2821 8743 
6346 3835 6769 1667 
2129 8203 9489 3088 
7116 6696 1311 6728 
4148 7684 6694 9203 
1810 1496 7596 7609 
8979 2150 1433 2733 
8150 6728 7120 9376 
8791 3595 2364 5629 
1202 9204 3841 2842 
3243 3436 6611 3258 
5549 9397 8817 1430 
5551 2420 8173 1669 
7361 3273 6041 3969 
2228 5210 9763 5307 
3513 5146 3516 5400 
2193 1224 4295 4632 
5443 5680 6637 4943 
4953 4963 7070 8373 
4883 5449 3171 9581 
3331 1113 7181 6841 
8554 6562 3125 6629 
7552 8394 4511 5990 
9440 8533 9327 8096 
9918 2322 2176 5435 
6212 5296 5986 9869 
5782 4340 6714 3508 
6201 7667 9084 6778 
3149 1293 3086 3510 
7964 6674 6844 5630 
8098 7665 7078 7047 
2279 1757 5502 6419 
5634 8973 8453 3672 
4383 7735 4479 8034 
5126 7310 2169 5324 
9846 9615 1538 9884 
9309 7732 3951 9257 
6557 6928 1243 4355 
5476 6544 7336 8546 
8217 8938 8700 5135 
8837 1405 7873 7227 
9213 6523 3505 5413 
6812 5051 8383 1764 
5615 2630 5782 8481 
7237 7193 7736 4546 
7804 6243 9860 8705 
8841 5209 8194 7837 
1510 5931 9816 6186 
8608 7033 6486 9551 
2853 4309 1781 3897 
5338 8537 3555 2617 
8544 9478 8738 3956 
1873 8853 2419 2134 
2312 5265 7330 3705 
1543 9166 8385 5114 
8327 5666 5014 1992 
5234 3307 3154 8581 
6143 6229 6739 4038 
6522 4950 9207 9266 
3798 8354 1271 9361 
6469 5348 7075 2655 
4622 8792 4984 4454 
9701 3892 9118 3685 
5923 6665 5568 9670 
4634 2674 7382 6347 
7435 1268 7812 5642 
3225 8379 5610 7361 
6057 8062 9905 3188 
9006 9022 8644 4090 
8590 3469 7368 6440 
8321 8698 8878 3362 
7109 4164 8114 9855 
9381 9535 5743 2235 
2083 4923 3037 6311 
7535 2543 9429 6241 
4292 7622 8395 2750 
3985 7041 4678 6900 
8020 2588 2191 2275 
5304 2052 8024 8735 
2388 5560 8531 9059 
1376 5754 7978 6521 
3430 8781 2215 5194 
7095 3443 6553 7157 
4038 2237 3259 1810 
1414 7239 9376 1179 
9484 2325 2946 7903 
8455 4578 6929 1141 
6897 4301 5034 3086 
4010 1480 5976 8537 
9642 2985 9318 5203 
5936 9483 9803 5687 
6033 5032 8235 4177 
8792 7325 8431 5148 
6182 8463 9573 9049 
3919 1186 8064 8850 
2962 2185 8295 3904 
8408 4578 4257 3669 
6260 4720 2166 8427 
7919 5284 5241 1112 
2521 7257 2980 4533 
6341 3862 2348 9570 
5868 9884 6902 5546 
1905 6925 5729 9567 
4919 1579 3351 4862 
2298 7009 7278 2566 
1885 5677 7916 5182 
6269 1114 7227 2009 
4332 9572 7639 6660 
8204 4642 3619 9099 
9835 8723 8035 8522 
7675 8710 2874 9334 
8990 2598 4619 7451 
3044 1490 8812 5510 
9978 1525 3758 1775 
5945 7164 4411 5864 
3768 6004 2324 2332 
9284 9067 2473 1388 
7958 4251 5025 3573 
8973 8754 4890 3174 
3914 8580 6191 4782 
6494 9774 8964 3953 
1870 3240 6681 7790 
1994 2955 4264 3781 
5423 3281 5864 2781 
7496 1653 1160 9922 
1235 4342 9492 8792 
6463 6349 6536 2334 
6634 1694 7859 7363 
2084 9627 9369 3992 
7039 8370 1572 7155 
3497 4682 9392 6113 
9985 2354 8149 6803 
4000 3219 5677 3372 
8531 6267 4658 3262 
1392 1283 7488 5519 
6702 5457 2267 1410 
5095 6899 2808 5794 
3910 2982 5741 9124 
1191 4003 7536 6552 
4949 4490 8805 5219 
8198 9732 8332 4525 
6016 5598 8831 5815 
6080 7217 3710 6866 
1993 6051 1563 8038 
3525 9092 2129 4197 
9545 3466 4003 2129 
7476 6551 3291 5638 
8730 8105 8312 6901 
2476 3379 7320 6969 
7124 7740 5393 9495 
8066 6991 9712 6691 
9270 8873 8242 5139 
3551 9496 4137 5855 
3472 5718 5673 5843 
6839 7314 7048 9463 
3418 4303 7084 7974 
8904 6808 5501 8612 
8730 4593 2024 5784 
4810 2633 6129 3665 
3753 7310 2857 8601 
8308 8151 3198 9232 
5079 3568 4540 6757 
7705 2587 1241 9809 
1802 5928 7187 4873 
9906 2849 7786 3573 
4483 9628 6407 8957 
8583 8351 2156 1950 
9587 3119 3201 9527 
5568 8446 2265 5266 
2216 7850 4005 6446 
3378 8742 2018 7253 
4462 2214 5092 8881 
5444 2367 3757 2014 
9522 9282 5228 8679 
2854 4240 1760 6726 
2523 3701 7168 5697 
9385 1712 5351 3355 
4773 3032 3768 3167 
8842 2450 1305 5740 
8721 9153 5605 7479 
4370 3274 6504 8331 
9360 2297 1115 6284 
4328 3585 3522 7975 
7200 7278 5034 9676 
2685 6320 7866 3861 
6861 2847 5218 3522 
8597 1701 3170 8182 
9087 9487 9957 3700 
8634 4280 3467 9248 
7195 8836 6335 8199 
1707 9066 9026 2299 
9508 5791 5965 2675 
7414 1628 4166 3511 
2397 2854 1728 2633 
8054 4093 9732 8769 
9125 2931 7195 4839 
3627 9821 9340 4030 
4922 5785 3591 3847 
9983 9666 3264 7794 
3820 4029 4012 3917 
5734 1606 1879 8570 
6432 7556 2413 6890 
3663 1944 2304 4213 
9102 7565 9072 8774 
2981 5297 8671 9686 
6450 3046 7751 2740 
8036 1429 3527 2729 
9589 3933 8812 5135 
1191 6926 4145 8630 
2163 8624 8406 6069 
8518 3561 1478 4088 
4592 9376 4744 3529 
1705 4488 5923 8521 
5357 4325 7465 3799 
3853 9137 1644 6114 
5139 9682 7299 9728 
3131 7167 4133 3287 
4530 1553 7721 4356 
6890 3712 2278 4000 
